CURRENT_STATE(4)|INPUTS(3)|NEXT_STATE(4)
00000001100
00000011100
00000101100
00000111100
00001001100
00001011100
00001101100
00001111100
11000001100
11000010100
11000100100
11000110100
11001001100
11001011100
11001101100
11001111100
01000001100
01000010010
01000100010
01000110010
01001001100
01001011100
01001101100
01001111100
10100001010
10100010010
10100101010
10100111010
10101000010
10101010010
10101101010
10101111010
00100001010
00100010001
00100101010
00100111010
00101000100
00101010100
00101101010
00101111010
10010001001
10010011001
10010100001
10010111001
10011000001
10011011001
10011100001
10011111001
00010001001
00010011001
00010100010
00010111001
00011000010
00011011001
00011100010
00011111001
